
[1X0, IJE, 9DM] (277, 177, 54) (223, 96) [84, 367] [173, 96, 50]
[266, 319] [219, 208, 178] (89, 219, 272) (279, 32) [TP4, 0BU, 0RN]
[211, 196, 167] (177, 259) (53, 108, 252) [2QE, MBJ, IV7] [479, 484]
[145, 62, 28] [RZC, JHY, K0Y] [226, 492] (297, 307)
[107, 56, 29] [ZCH, K0O, KKB] [104, 424] (356, 205)
(201, 116) (134, 110, 236) [158, 87, 43] [TYV, PCN, BYQ]
[3VA, YM4, XCD] [225, 227, 226] [459, 163] (185, 55)
[68, 171] [161, 98, 67] [XZG, VJ3, TKT] (261, 287)
(82, 23, 277) (68, 270) [142, 121] [189, 184, 155]
(98, 239) [1C9, BIM, 9ZH] [161, 149, 133]
(271, 185, 152) (151, 350) [235, 225] [SX8, XSO, EJ7] [217, 226, 225]

[13B, DW6, EYV] (153, 306) [482, 153] (127, 16, 98) [151, 86, 44]
(41, 313) [K6Y, 98J, TML] [0, 0, 5]
[196, 179] [208, 203, 171] (269, 0) (293, 109, 287)